%OpenBCI Raw EEG Data
%
%Sample Rate = 250.0 Hz
%First Column = SampleIndex
%Last Column = Timestamp 
%Other Columns = EEG data in microvolts followed by Accel Data (in G) interleaved with Aux Data
0, -29.19, -25.75, -30.82, -20.50, -19.27, -19.04, -26.98, -23.00, 0.01, -0.18, 0.44, 11:16:35.032
1, -29.21, -25.75, -30.64, -20.43, -19.20, -18.93, -26.96, -23.18, 0.00, 0.00, 0.00, 11:16:35.034
2, -29.15, -25.79, -30.64, -20.32, -18.98, -19.09, -26.91, -23.02, 0.00, 0.00, 0.00, 11:16:35.037
3, -29.24, -25.57, -30.98, -20.41, -18.91, -19.07, -26.80, -23.07, 0.00, 0.00, 0.00, 11:16:35.041
4, -29.21, -25.62, -31.09, -20.36, -19.11, -19.09, -26.80, -22.96, 0.00, 0.00, 0.00, 11:16:35.045
5, -29.10, -25.66, -31.00, -20.56, -18.86, -18.82, -26.78, -22.93, 0.00, 0.00, 0.00, 11:16:35.049
6, -29.37, -25.68, -30.93, -20.68, -19.02, -18.82, -26.80, -22.69, 0.02, -0.29, 0.95, 11:16:35.053
7, -29.30, -25.64, -30.96, -20.59, -19.20, -19.04, -26.80, -22.82, 0.00, 0.00, 0.00, 11:16:35.056
8, -29.46, -25.82, -30.82, -20.32, -19.29, -18.95, -26.69, -22.91, 0.00, 0.00, 0.00, 11:16:35.060
9, -29.30, -25.68, -30.76, -20.47, -19.24, -19.13, -26.55, -22.55, 0.00, 0.00, 0.00, 11:16:35.064
10, -29.41, -25.79, -30.80, -20.70, -19.18, -19.27, -26.69, -22.55, 0.00, 0.00, 0.00, 11:16:35.069
11, -29.44, -25.62, -30.93, -20.70, -19.04, -19.18, -26.80, -22.89, 0.00, 0.00, 0.00, 11:16:35.074
12, -29.15, -25.57, -30.87, -20.63, -18.98, -19.13, -26.78, -22.89, 0.00, 0.00, 0.00, 11:16:35.077
13, -29.26, -25.68, -30.76, -20.70, -18.80, -19.27, -26.60, -22.75, 0.00, 0.00, 0.00, 11:16:35.082
14, -29.21, -25.62, -30.87, -20.47, -18.93, -18.75, -26.84, -23.00, 0.00, 0.00, 0.00, 11:16:35.085
15, -29.01, -25.46, -30.76, -20.25, -19.09, -18.98, -26.87, -23.16, 0.00, 0.00, 0.00, 11:16:35.090
16, -29.08, -25.62, -30.69, -20.30, -19.24, -19.13, -26.87, -23.18, 0.05, -0.30, 0.96, 11:16:35.095
17, -29.17, -25.75, -30.82, -20.43, -19.18, -19.24, -26.98, -23.36, 0.00, 0.00, 0.00, 11:16:35.097
18, -29.24, -25.84, -30.76, -20.43, -19.11, -19.04, -26.96, -22.96, 0.00, 0.00, 0.00, 11:16:35.101
19, -29.10, -25.93, -30.93, -20.47, -19.20, -18.98, -26.80, -23.09, 0.00, 0.00, 0.00, 11:16:35.104
20, -29.17, -26.04, -30.78, -20.45, -19.36, -19.20, -26.80, -23.25, 0.00, 0.00, 0.00, 11:16:35.108
21, -29.03, -25.53, -30.80, -20.47, -19.36, -19.20, -27.07, -23.16, 0.00, 0.00, 0.00, 11:16:35.113
22, -29.15, -25.68, -30.98, -20.45, -19.04, -19.24, -26.91, -23.04, 0.00, 0.00, 0.00, 11:16:35.117
23, -29.12, -25.82, -30.93, -20.16, -19.09, -19.18, -26.58, -23.07, 0.00, 0.00, 0.00, 11:16:35.121
24, -28.97, -26.06, -30.93, -20.61, -18.98, -18.98, -26.78, -23.11, 0.00, 0.00, 0.00, 11:16:35.125
25, -29.21, -26.04, -31.00, -20.54, -19.11, -19.02, -26.80, -23.13, 0.00, 0.00, 0.00, 11:16:35.129
26, -29.26, -26.08, -31.16, -20.18, -19.13, -18.91, -26.64, -23.18, 0.04, -0.35, 0.96, 11:16:35.133
27, -29.10, -25.79, -30.76, -20.38, -19.29, -18.95, -26.76, -23.04, 0.00, 0.00, 0.00, 11:16:35.137
28, -29.06, -25.46, -30.76, -20.50, -19.20, -18.84, -26.76, -22.82, 0.00, 0.00, 0.00, 11:16:35.142
29, -29.03, -25.66, -30.78, -20.70, -19.16, -19.02, -26.80, -22.93, 0.00, 0.00, 0.00, 11:16:35.145
30, -29.03, -25.62, -30.69, -20.63, -19.24, -18.93, -26.87, -23.09, 0.00, 0.00, 0.00, 11:16:35.149
31, -29.15, -25.57, -30.76, -20.63, -19.27, -19.00, -26.96, -23.16, 0.00, 0.00, 0.00, 11:16:35.153
32, -29.17, -25.68, -30.78, -20.61, -19.24, -18.98, -26.67, -23.00, 0.00, 0.00, 0.00, 11:16:35.156
33, -29.06, -25.79, -30.64, -20.61, -19.04, -19.20, -26.69, -22.93, 0.00, 0.00, 0.00, 11:16:35.160
34, -29.28, -25.73, -30.91, -20.65, -19.09, -19.02, -26.64, -23.13, 0.00, 0.00, 0.00, 11:16:35.165
35, -29.12, -25.57, -30.89, -20.65, -18.98, -18.91, -26.69, -23.02, 0.00, 0.00, 0.00, 11:16:35.169
36, -29.06, -25.68, -30.89, -20.47, -19.04, -18.93, -26.84, -23.20, 0.02, -0.35, 0.96, 11:16:35.173
37, -29.03, -25.64, -30.82, -20.52, -19.07, -19.29, -26.84, -23.27, 0.00, 0.00, 0.00, 11:16:35.178
38, -29.26, -25.62, -31.05, -20.41, -19.13, -19.20, -26.98, -23.04, 0.00, 0.00, 0.00, 11:16:35.180
39, -29.08, -25.57, -30.89, -20.54, -19.36, -19.16, -27.07, -23.11, 0.00, 0.00, 0.00, 11:16:35.184
40, -29.12, -25.50, -30.89, -20.59, -19.04, -19.13, -26.84, -23.11, 0.00, 0.00, 0.00, 11:16:35.189
41, -29.24, -25.64, -30.87, -20.43, -19.13, -19.04, -26.80, -22.96, 0.00, 0.00, 0.00, 11:16:35.192
42, -29.35, -25.32, -30.78, -20.23, -18.98, -18.86, -26.89, -22.82, 0.00, 0.00, 0.00, 11:16:35.196
43, -29.30, -25.79, -30.98, -20.30, -19.11, -19.09, -26.89, -22.71, 0.00, 0.00, 0.00, 11:16:35.201
44, -29.06, -25.91, -30.80, -20.34, -19.11, -19.13, -26.69, -22.78, 0.00, 0.00, 0.00, 11:16:35.205
45, -28.86, -25.75, -30.76, -20.52, -19.27, -18.93, -26.82, -22.93, 0.00, 0.00, 0.00, 11:16:35.209
46, -28.95, -25.77, -30.93, -20.61, -19.29, -19.09, -26.82, -22.96, 0.02, -0.38, 0.94, 11:16:35.212
47, -29.26, -25.86, -30.89, -20.70, -19.40, -18.86, -26.87, -22.89, 0.00, 0.00, 0.00, 11:16:35.216
48, -28.92, -25.68, -30.89, -20.59, -18.86, -19.04, -26.98, -22.93, 0.00, 0.00, 0.00, 11:16:35.221
49, -29.15, -25.75, -30.76, -20.36, -18.98, -19.24, -26.78, -22.98, 0.00, 0.00, 0.00, 11:16:35.225
50, -29.24, -25.79, -30.80, -20.59, -19.04, -19.16, -26.78, -22.82, 0.00, 0.00, 0.00, 11:16:35.229
51, -29.08, -25.41, -30.93, -20.30, -19.02, -19.20, -26.98, -22.71, 0.00, 0.00, 0.00, 11:16:35.232
52, -29.03, -25.50, -30.91, -20.25, -19.00, -19.20, -26.96, -22.91, 0.00, 0.00, 0.00, 11:16:35.237
53, -29.17, -25.82, -31.11, -20.43, -19.11, -19.18, -27.00, -23.02, 0.00, 0.00, 0.00, 11:16:35.241
54, -29.03, -25.55, -31.05, -20.18, -19.33, -19.13, -26.82, -22.73, 0.00, 0.00, 0.00, 11:16:35.244
55, -28.92, -25.66, -30.93, -20.25, -19.11, -18.82, -26.73, -22.62, 0.01, -0.39, 0.93, 11:16:35.248
56, -28.97, -25.55, -30.89, -20.47, -18.86, -18.89, -26.67, -23.02, 0.00, 0.00, 0.00, 11:16:35.252
57, -28.95, -25.41, -30.93, -20.43, -19.11, -18.86, -26.76, -23.07, 0.00, 0.00, 0.00, 11:16:35.257
58, -29.26, -25.55, -30.93, -20.47, -19.18, -18.86, -26.93, -22.78, 0.00, 0.00, 0.00, 11:16:35.260
59, -29.19, -25.73, -31.05, -20.43, -19.07, -19.18, -26.76, -23.00, 0.00, 0.00, 0.00, 11:16:35.264
60, -29.30, -25.86, -30.87, -20.38, -18.98, -19.11, -26.96, -22.73, 0.00, 0.00, 0.00, 11:16:35.269
61, -29.21, -25.84, -31.02, -20.61, -19.20, -19.20, -26.91, -22.78, 0.00, 0.00, 0.00, 11:16:35.273
62, -29.15, -25.79, -30.91, -20.43, -19.27, -19.02, -26.87, -23.09, 0.00, 0.00, 0.00, 11:16:35.277
63, -29.15, -25.68, -31.05, -20.38, -19.20, -19.16, -26.82, -23.07, 0.00, 0.00, 0.00, 11:16:35.280
64, -29.08, -25.75, -31.05, -20.52, -19.27, -19.13, -26.73, -23.02, 0.00, 0.00, 0.00, 11:16:35.286
65, -29.21, -25.68, -31.11, -20.61, -19.47, -19.33, -26.64, -23.07, 0.01, -0.35, 0.96, 11:16:35.289
66, -29.19, -25.70, -31.02, -20.52, -19.36, -19.04, -26.76, -23.00, 0.00, 0.00, 0.00, 11:16:35.294
67, -28.92, -25.70, -30.93, -20.52, -19.13, -18.98, -26.98, -23.18, 0.00, 0.00, 0.00, 11:16:35.297
68, -29.01, -25.77, -30.82, -20.56, -19.00, -19.27, -26.91, -23.16, 0.00, 0.00, 0.00, 11:16:35.301
69, -29.03, -25.79, -30.78, -20.56, -19.09, -19.16, -26.91, -23.18, 0.00, 0.00, 0.00, 11:16:35.306
70, -29.03, -25.95, -30.78, -20.47, -19.20, -18.84, -27.14, -23.00, 0.00, 0.00, 0.00, 11:16:35.310
71, -29.06, -25.95, -30.91, -20.47, -19.16, -18.98, -26.98, -22.91, 0.00, 0.00, 0.00, 11:16:35.312
72, -29.21, -25.84, -30.87, -20.52, -19.04, -19.13, -26.73, -22.96, 0.00, 0.00, 0.00, 11:16:35.316
73, -29.15, -25.48, -30.73, -20.41, -19.16, -18.93, -26.64, -23.00, 0.00, 0.00, 0.00, 11:16:35.320
74, -29.03, -25.66, -30.71, -20.36, -19.31, -18.93, -26.91, -22.82, 0.00, 0.00, 0.00, 11:16:35.325
75, -29.15, -25.55, -31.00, -20.45, -19.42, -19.02, -26.96, -22.89, 0.03, -0.34, 0.97, 11:16:35.328
76, -29.15, -25.68, -31.05, -20.52, -19.42, -19.04, -26.82, -22.84, 0.00, 0.00, 0.00, 11:16:35.332
77, -29.19, -25.64, -30.71, -20.43, -19.13, -19.02, -27.00, -22.89, 0.00, 0.00, 0.00, 11:16:35.337
78, -28.86, -25.62, -30.76, -20.27, -18.86, -19.27, -26.80, -22.73, 0.00, 0.00, 0.00, 11:16:35.340
79, -29.03, -25.46, -30.55, -20.23, -19.09, -19.04, -26.44, -22.80, 0.00, 0.00, 0.00, 11:16:35.343
80, -29.33, -25.62, -30.91, -20.16, -19.31, -18.86, -26.71, -22.96, 0.00, 0.00, 0.00, 11:16:35.347
81, -29.19, -25.64, -31.09, -20.32, -19.49, -18.86, -26.62, -22.96, 0.00, 0.00, 0.00, 11:16:35.353
82, -29.10, -25.59, -31.11, -20.47, -19.27, -19.00, -26.73, -22.96, 0.00, 0.00, 0.00, 11:16:35.357
83, -29.21, -25.64, -30.73, -20.27, -19.36, -19.00, -26.80, -23.09, 0.00, 0.00, 0.00, 11:16:35.361
84, -29.28, -25.48, -30.82, -20.16, -19.27, -19.02, -26.64, -22.96, 0.00, 0.00, 0.00, 11:16:35.364
85, -29.10, -25.50, -30.85, -20.43, -19.13, -19.13, -26.69, -22.93, 0.02, -0.31, 1.00, 11:16:35.368
86, -29.10, -25.77, -30.78, -20.65, -19.09, -19.40, -27.18, -23.13, 0.00, 0.00, 0.00, 11:16:35.372
87, -29.30, -25.77, -31.00, -20.74, -19.18, -19.24, -26.84, -22.93, 0.00, 0.00, 0.00, 11:16:35.376
88, -29.28, -25.70, -31.05, -20.54, -19.16, -19.07, -26.71, -22.89, 0.00, 0.00, 0.00, 11:16:35.381
89, -29.19, -25.41, -30.89, -20.56, -19.04, -18.95, -27.07, -23.07, 0.00, 0.00, 0.00, 11:16:35.384
90, -29.37, -25.73, -31.07, -20.27, -19.09, -19.16, -26.84, -23.07, 0.00, 0.00, 0.00, 11:16:35.389
91, -29.26, -25.75, -31.23, -20.09, -19.09, -19.02, -26.80, -23.07, 0.00, 0.00, 0.00, 11:16:35.393
92, -29.33, -25.79, -31.05, -20.30, -19.09, -18.84, -26.64, -23.04, 0.00, 0.00, 0.00, 11:16:35.396
93, -29.28, -25.88, -31.27, -20.36, -19.04, -19.02, -26.84, -23.11, 0.00, 0.00, 0.00, 11:16:35.400
94, -29.26, -25.86, -31.20, -20.41, -19.22, -19.00, -26.80, -22.93, 0.00, 0.00, 0.00, 11:16:35.403
95, -29.03, -25.91, -31.05, -20.61, -19.16, -19.02, -26.87, -22.80, 0.02, -0.36, 0.99, 11:16:35.409
96, -28.83, -25.95, -30.87, -20.65, -19.07, -19.13, -26.96, -22.98, 0.00, 0.00, 0.00, 11:16:35.413
97, -29.21, -25.73, -30.78, -20.21, -18.93, -19.09, -26.80, -23.00, 0.00, 0.00, 0.00, 11:16:35.417
98, -29.39, -25.68, -30.69, -20.27, -19.04, -18.93, -26.73, -23.34, 0.00, 0.00, 0.00, 11:16:35.420
99, -29.37, -25.48, -30.53, -20.59, -19.13, -18.98, -27.09, -22.98, 0.00, 0.00, 0.00, 11:16:35.424
100, -29.17, -25.62, -30.53, -20.56, -18.95, -18.93, -26.98, -22.87, 0.00, 0.00, 0.00, 11:16:35.428
101, -29.28, -25.68, -30.87, -20.56, -19.04, -19.02, -26.62, -23.07, 0.00, 0.00, 0.00, 11:16:35.432
102, -29.12, -25.77, -30.69, -20.54, -19.18, -19.04, -26.46, -23.11, 0.00, 0.00, 0.00, 11:16:35.436
103, -29.19, -25.66, -30.80, -20.54, -18.95, -19.04, -26.82, -23.18, 0.00, 0.00, 0.00, 11:16:35.441
104, -29.19, -25.70, -30.93, -20.59, -19.11, -18.98, -26.87, -23.22, 0.05, -0.34, 1.01, 11:16:35.445
105, -29.10, -25.70, -30.91, -20.47, -19.09, -19.11, -27.00, -23.09, 0.00, 0.00, 0.00, 11:16:35.449
106, -29.15, -25.68, -30.78, -20.34, -19.04, -19.18, -26.93, -23.16, 0.00, 0.00, 0.00, 11:16:35.453
107, -29.21, -25.66, -31.05, -20.41, -19.11, -19.00, -26.98, -23.16, 0.00, 0.00, 0.00, 11:16:35.457
108, -29.26, -25.75, -30.91, -20.27, -19.27, -19.16, -26.96, -22.98, 0.00, 0.00, 0.00, 11:16:35.460
109, -29.30, -25.62, -30.87, -20.47, -19.02, -19.20, -26.91, -22.82, 0.00, 0.00, 0.00, 11:16:35.466
110, -29.26, -25.75, -31.00, -20.56, -19.13, -19.22, -26.96, -22.96, 0.00, 0.00, 0.00, 11:16:35.468
111, -29.26, -25.73, -31.07, -20.61, -19.09, -19.02, -26.91, -23.00, 0.00, 0.00, 0.00, 11:16:35.473
112, -29.10, -25.77, -31.07, -20.50, -19.04, -19.27, -26.62, -23.00, 0.00, 0.00, 0.00, 11:16:35.477
113, -28.92, -25.75, -30.98, -20.61, -19.13, -19.33, -26.64, -23.00, 0.00, 0.00, 0.00, 11:16:35.481
114, -28.97, -25.59, -30.87, -20.43, -19.16, -18.98, -26.60, -23.04, 0.04, -0.34, 1.00, 11:16:35.484
115, -28.97, -25.77, -30.91, -20.36, -19.13, -18.98, -26.87, -22.78, 0.00, 0.00, 0.00, 11:16:35.488
116, -29.03, -25.84, -31.02, -20.50, -19.16, -19.13, -26.69, -23.00, 0.00, 0.00, 0.00, 11:16:35.492
117, -28.88, -25.86, -31.05, -20.70, -19.04, -19.13, -26.91, -23.16, 0.00, 0.00, 0.00, 11:16:35.497
118, -28.74, -25.68, -30.80, -20.83, -19.09, -19.20, -26.98, -23.07, 0.00, 0.00, 0.00, 11:16:35.500
119, -29.06, -25.62, -30.67, -20.72, -19.13, -19.20, -26.69, -22.98, 0.00, 0.00, 0.00, 11:16:35.504
120, -29.24, -25.86, -30.91, -20.68, -18.98, -19.13, -26.71, -23.18, 0.00, 0.00, 0.00, 11:16:35.508
121, -29.10, -25.91, -30.93, -20.32, -19.02, -19.13, -26.67, -23.04, 0.00, 0.00, 0.00, 11:16:35.512
122, -29.08, -25.84, -30.87, -20.50, -18.98, -19.11, -26.69, -23.11, 0.00, 0.00, 0.00, 11:16:35.516
123, -29.03, -25.46, -30.73, -20.74, -19.02, -19.13, -26.87, -22.93, 0.00, 0.00, 0.00, 11:16:35.520
124, -29.03, -25.53, -30.73, -20.59, -18.98, -18.93, -26.89, -22.89, 0.13, -0.38, 1.00, 11:16:35.525
125, -29.15, -25.53, -30.80, -20.41, -19.09, -18.86, -27.05, -22.84, 0.00, 0.00, 0.00, 11:16:35.529
126, -29.26, -25.70, -30.60, -20.34, -19.00, -18.89, -27.00, -22.84, 0.00, 0.00, 0.00, 11:16:35.531
127, -29.17, -25.68, -30.55, -20.30, -19.31, -18.84, -26.78, -22.98, 0.00, 0.00, 0.00, 11:16:35.536
128, -29.12, -25.91, -30.82, -20.61, -19.27, -19.02, -26.84, -23.00, 0.00, 0.00, 0.00, 11:16:35.540
129, -29.15, -25.82, -30.93, -20.23, -19.07, -19.13, -26.91, -23.16, 0.00, 0.00, 0.00, 11:16:35.544
130, -29.15, -25.77, -30.82, -20.52, -19.16, -18.98, -26.73, -22.89, 0.00, 0.00, 0.00, 11:16:35.549
131, -29.30, -25.79, -30.73, -20.56, -19.11, -19.16, -27.09, -22.87, 0.00, 0.00, 0.00, 11:16:35.553
132, -29.15, -25.79, -30.78, -20.47, -18.93, -19.20, -26.80, -23.09, 0.00, 0.00, 0.00, 11:16:35.559
133, -29.19, -25.64, -30.87, -20.34, -19.09, -18.84, -26.71, -23.00, 0.00, 0.00, 0.00, 11:16:35.560
134, -29.15, -25.97, -30.91, -20.65, -19.09, -18.80, -26.62, -23.07, 0.15, -0.32, 1.00, 11:16:35.564
135, -29.08, -25.64, -31.00, -20.59, -19.16, -18.91, -26.64, -23.00, 0.00, 0.00, 0.00, 11:16:35.568
136, -29.21, -25.57, -31.00, -20.52, -19.36, -19.02, -26.80, -23.13, 0.00, 0.00, 0.00, 11:16:35.572
137, -29.10, -25.68, -30.98, -20.47, -19.24, -19.13, -27.11, -23.07, 0.00, 0.00, 0.00, 11:16:35.576
138, -28.88, -25.73, -30.82, -20.54, -19.16, -19.22, -26.98, -23.02, 0.00, 0.00, 0.00, 11:16:35.581
139, -28.97, -25.86, -30.78, -20.59, -19.09, -19.16, -26.87, -22.91, 0.00, 0.00, 0.00, 11:16:35.584
140, -29.01, -25.64, -30.89, -20.61, -19.13, -19.02, -26.78, -23.22, 0.00, 0.00, 0.00, 11:16:35.587
141, -29.06, -25.57, -30.80, -20.50, -19.36, -18.95, -26.96, -23.13, 0.00, 0.00, 0.00, 11:16:35.592
142, -29.08, -25.44, -30.62, -20.41, -19.36, -19.20, -26.91, -22.89, 0.00, 0.00, 0.00, 11:16:35.596
143, -28.88, -25.59, -30.89, -20.41, -19.09, -19.13, -26.91, -22.91, 0.15, -0.30, 0.99, 11:16:35.600
144, -29.01, -25.53, -30.85, -20.72, -18.89, -19.11, -26.78, -22.60, 0.00, 0.00, 0.00, 11:16:35.604
145, -29.08, -25.53, -30.91, -20.50, -19.16, -19.07, -26.80, -22.78, 0.00, 0.00, 0.00, 11:16:35.609
146, -29.08, -25.68, -30.82, -20.59, -19.02, -19.20, -26.80, -22.89, 0.00, 0.00, 0.00, 11:16:35.612
147, -29.10, -25.57, -30.71, -20.54, -19.27, -19.09, -26.73, -23.07, 0.00, 0.00, 0.00, 11:16:35.616
148, -29.21, -25.73, -30.87, -20.65, -19.27, -19.18, -26.71, -22.82, 0.00, 0.00, 0.00, 11:16:35.620
149, -29.01, -25.66, -30.98, -20.81, -19.00, -19.20, -26.87, -22.93, 0.00, 0.00, 0.00, 11:16:35.624
150, -29.03, -25.62, -30.89, -20.79, -18.82, -19.02, -26.93, -23.11, 0.00, 0.00, 0.00, 11:16:35.628
151, -29.08, -25.79, -30.89, -20.25, -19.24, -18.89, -27.05, -22.96, 0.00, 0.00, 0.00, 11:16:35.632
152, -29.19, -25.75, -30.67, -20.50, -19.27, -18.78, -26.91, -23.13, 0.00, 0.00, 0.00, 11:16:35.635
153, -29.19, -25.68, -30.62, -20.65, -19.16, -19.09, -26.67, -23.02, 0.14, -0.34, 1.01, 11:16:35.640
154, -29.08, -25.75, -30.87, -20.45, -19.00, -19.02, -26.93, -23.02, 0.00, 0.00, 0.00, 11:16:35.643
155, -28.95, -25.46, -30.78, -20.54, -19.38, -18.98, -26.69, -23.00, 0.00, 0.00, 0.00, 11:16:35.648
156, -29.15, -25.44, -30.98, -20.38, -19.31, -19.09, -26.71, -23.11, 0.00, 0.00, 0.00, 11:16:35.652
157, -29.10, -25.62, -31.00, -20.38, -19.16, -19.22, -26.87, -23.27, 0.00, 0.00, 0.00, 11:16:35.657
158, -28.97, -26.02, -30.89, -20.54, -19.09, -19.09, -26.93, -23.00, 0.00, 0.00, 0.00, 11:16:35.660
159, -28.99, -25.82, -30.96, -20.38, -19.16, -19.22, -26.96, -23.00, 0.00, 0.00, 0.00, 11:16:35.665
160, -28.99, -25.82, -30.93, -20.25, -18.95, -19.09, -27.05, -22.96, 0.00, 0.00, 0.00, 11:16:35.669
161, -28.90, -25.73, -30.98, -20.38, -18.95, -19.09, -26.84, -22.75, 0.00, 0.00, 0.00, 11:16:35.672
162, -28.97, -25.86, -31.00, -20.68, -18.86, -18.93, -26.69, -22.71, 0.00, 0.00, 0.00, 11:16:35.676
163, -29.08, -25.55, -30.98, -20.54, -19.29, -19.04, -26.62, -22.93, 0.02, -0.24, 0.98, 11:16:35.680
164, -29.12, -25.75, -30.89, -20.61, -19.22, -19.38, -26.73, -23.04, 0.00, 0.00, 0.00, 11:16:35.684
165, -29.10, -25.79, -30.80, -20.38, -18.98, -19.09, -26.60, -22.87, 0.00, 0.00, 0.00, 11:16:35.688
166, -29.26, -25.84, -30.78, -20.45, -18.91, -19.18, -26.78, -23.04, 0.00, 0.00, 0.00, 11:16:35.692
167, -29.21, -25.73, -30.91, -20.76, -18.98, -18.98, -26.96, -23.11, 0.00, 0.00, 0.00, 11:16:35.695
168, -29.26, -25.62, -30.82, -20.81, -19.09, -19.16, -26.91, -22.96, 0.00, 0.00, 0.00, 11:16:35.699
169, -29.10, -25.64, -30.82, -20.43, -19.04, -19.13, -26.69, -22.96, 0.00, 0.00, 0.00, 11:16:35.704
170, -29.15, -25.68, -30.60, -20.43, -18.86, -19.13, -26.69, -22.96, 0.00, 0.00, 0.00, 11:16:35.708
171, -29.15, -25.57, -30.67, -20.74, -18.69, -18.82, -26.60, -22.91, 0.00, 0.00, 0.00, 11:16:35.713
172, -29.33, -25.57, -30.93, -20.65, -18.95, -19.13, -26.69, -22.89, 0.00, 0.00, 0.00, 11:16:35.716
173, -29.48, -25.53, -31.20, -20.34, -18.91, -19.02, -26.96, -22.89, -0.03, -0.12, 1.03, 11:16:35.719
174, -29.39, -25.46, -30.87, -20.36, -19.20, -18.82, -27.09, -23.02, 0.00, 0.00, 0.00, 11:16:35.723
175, -29.19, -25.57, -30.76, -20.65, -19.04, -18.86, -26.98, -22.93, 0.00, 0.00, 0.00, 11:16:35.727
176, -28.97, -25.62, -30.80, -20.61, -19.04, -19.02, -27.00, -23.16, 0.00, 0.00, 0.00, 11:16:35.731
177, -29.08, -25.62, -30.93, -20.54, -19.04, -19.18, -27.00, -22.84, 0.00, 0.00, 0.00, 11:16:35.736
178, -29.26, -25.77, -30.85, -20.50, -19.20, -19.09, -26.93, -22.78, 0.00, 0.00, 0.00, 11:16:35.740
179, -29.30, -25.88, -30.76, -20.47, -19.24, -18.93, -26.71, -22.96, 0.00, 0.00, 0.00, 11:16:35.744
180, -29.44, -25.62, -30.78, -20.59, -19.36, -18.98, -26.76, -22.96, 0.00, 0.00, 0.00, 11:16:35.747
181, -29.30, -25.70, -30.80, -20.45, -19.16, -19.04, -26.76, -22.84, 0.00, 0.00, 0.00, 11:16:35.751
182, -29.21, -25.68, -30.87, -20.43, -19.13, -19.27, -26.96, -22.82, 0.00, 0.00, 0.00, 11:16:35.755
183, -29.37, -25.95, -31.05, -20.59, -19.20, -19.51, -27.00, -23.11, -0.00, -0.07, 0.99, 11:16:35.759
184, -29.06, -25.64, -30.89, -20.43, -19.13, -19.38, -26.69, -23.16, 0.00, 0.00, 0.00, 11:16:35.764
185, -29.15, -25.84, -30.82, -20.59, -19.31, -18.93, -26.64, -22.93, 0.00, 0.00, 0.00, 11:16:35.768
186, -29.08, -25.82, -30.93, -20.50, -18.93, -19.04, -26.84, -23.16, 0.00, 0.00, 0.00, 11:16:35.772
187, -29.17, -25.66, -31.05, -20.38, -19.07, -19.02, -26.98, -23.11, 0.00, 0.00, 0.00, 11:16:35.776
188, -29.21, -25.82, -30.98, -20.59, -18.91, -19.11, -26.73, -22.82, 0.00, 0.00, 0.00, 11:16:35.779
189, -29.08, -25.79, -30.87, -20.59, -19.04, -19.33, -26.69, -23.11, 0.00, 0.00, 0.00, 11:16:35.783
190, -29.10, -25.79, -30.76, -20.50, -19.20, -19.20, -26.78, -23.29, 0.00, 0.00, 0.00, 11:16:35.787
191, -29.19, -25.62, -30.80, -20.63, -19.20, -18.98, -26.89, -23.02, 0.00, 0.00, 0.00, 11:16:35.792
192, -29.33, -25.53, -30.93, -20.72, -19.18, -18.98, -26.80, -22.82, 0.02, -0.00, 0.95, 11:16:35.796
193, -29.15, -25.64, -30.93, -20.56, -19.09, -18.98, -26.62, -22.78, 0.00, 0.00, 0.00, 11:16:35.799
194, -28.97, -25.75, -31.20, -20.65, -19.22, -19.04, -26.58, -22.82, 0.00, 0.00, 0.00, 11:16:35.803
195, -29.06, -25.91, -31.05, -20.32, -19.18, -18.98, -26.69, -22.89, 0.00, 0.00, 0.00, 11:16:35.807
196, -29.19, -25.75, -31.09, -20.34, -19.04, -18.98, -26.69, -22.78, 0.00, 0.00, 0.00, 11:16:35.811
197, -29.44, -25.62, -30.87, -20.43, -19.02, -19.07, -26.78, -22.96, 0.00, 0.00, 0.00, 11:16:35.815
198, -29.30, -25.64, -30.67, -20.41, -19.13, -18.86, -27.14, -22.91, 0.00, 0.00, 0.00, 11:16:35.820
199, -29.10, -25.66, -30.62, -20.32, -19.31, -18.93, -27.20, -22.73, 0.00, 0.00, 0.00, 11:16:35.825
200, -29.21, -25.28, -30.67, -20.70, -18.98, -18.93, -26.96, -22.89, 0.00, 0.00, 0.00, 11:16:35.827
201, -28.90, -25.59, -30.93, -20.61, -19.07, -19.11, -26.96, -23.16, 0.00, 0.00, 0.00, 11:16:35.831
202, -28.97, -25.75, -30.96, -20.61, -19.04, -19.36, -26.89, -23.02, 0.03, -0.02, 0.90, 11:16:35.835
203, -29.06, -25.73, -31.16, -20.59, -18.93, -19.27, -26.84, -23.00, 0.00, 0.00, 0.00, 11:16:35.840
204, -28.95, -25.66, -31.05, -20.43, -19.18, -19.36, -27.00, -23.04, 0.00, 0.00, 0.00, 11:16:35.844
205, -29.03, -25.59, -30.98, -20.41, -19.16, -19.16, -27.20, -23.04, 0.00, 0.00, 0.00, 11:16:35.849
206, -29.10, -25.59, -30.76, -20.61, -19.31, -19.13, -26.84, -22.96, 0.00, 0.00, 0.00, 11:16:35.852
207, -29.19, -25.73, -30.96, -20.61, -19.20, -19.13, -26.80, -22.78, 0.00, 0.00, 0.00, 11:16:35.855
208, -28.79, -25.86, -30.73, -20.54, -19.02, -18.98, -26.89, -22.84, 0.00, 0.00, 0.00, 11:16:35.860
209, -29.03, -25.88, -30.69, -20.18, -19.00, -19.00, -26.89, -22.87, 0.00, 0.00, 0.00, 11:16:35.863
210, -29.06, -25.62, -30.78, -20.47, -18.93, -19.13, -27.00, -22.82, 0.00, 0.00, 0.00, 11:16:35.869
211, -29.10, -25.55, -30.82, -20.52, -19.02, -19.27, -26.91, -23.02, 0.00, 0.00, 0.00, 11:16:35.873
212, -29.15, -25.68, -30.73, -20.54, -19.09, -19.09, -26.98, -22.93, 0.02, -0.02, 0.93, 11:16:35.877
213, -29.08, -25.66, -30.93, -20.65, -19.13, -18.82, -26.98, -22.84, 0.00, 0.00, 0.00, 11:16:35.882
214, -29.10, -25.55, -30.93, -20.61, -18.91, -19.02, -26.69, -23.00, 0.00, 0.00, 0.00, 11:16:35.884
215, -28.97, -25.66, -30.76, -20.61, -18.93, -19.16, -26.73, -23.07, 0.00, 0.00, 0.00, 11:16:35.888
216, -28.97, -25.75, -30.82, -20.54, -18.93, -19.07, -26.73, -23.07, 0.00, 0.00, 0.00, 11:16:35.892
217, -29.39, -25.82, -31.00, -20.47, -19.04, -19.11, -26.78, -23.04, 0.00, 0.00, 0.00, 11:16:35.895
218, -29.30, -25.48, -30.80, -20.41, -19.04, -19.11, -26.98, -23.18, 0.00, 0.00, 0.00, 11:16:35.899
219, -29.08, -25.79, -30.55, -20.52, -19.11, -19.16, -26.84, -22.78, 0.00, 0.00, 0.00, 11:16:35.903
220, -29.15, -25.79, -30.67, -20.50, -19.11, -19.11, -27.00, -22.78, 0.00, 0.00, 0.00, 11:16:35.908
221, -29.26, -25.64, -30.76, -20.50, -19.04, -19.02, -26.96, -22.80, 0.00, 0.00, 0.00, 11:16:35.912
222, -29.24, -25.68, -30.93, -20.47, -19.09, -19.11, -26.91, -23.07, -0.04, -0.06, 0.93, 11:16:35.915
223, -28.99, -25.68, -30.91, -20.59, -19.09, -18.89, -26.98, -23.07, 0.00, 0.00, 0.00, 11:16:35.919
224, -29.01, -25.66, -30.98, -20.38, -19.27, -18.98, -26.84, -23.00, 0.00, 0.00, 0.00, 11:16:35.924
225, -29.03, -25.91, -31.07, -20.68, -19.38, -19.13, -26.40, -22.80, 0.00, 0.00, 0.00, 11:16:35.927
226, -29.30, -25.70, -30.98, -20.59, -19.27, -19.13, -26.60, -22.91, 0.00, 0.00, 0.00, 11:16:35.933
227, -29.08, -25.73, -30.91, -20.38, -19.22, -18.91, -26.84, -22.89, 0.00, 0.00, 0.00, 11:16:35.935
228, -28.99, -25.53, -30.98, -20.52, -19.22, -18.84, -26.73, -22.96, 0.00, 0.00, 0.00, 11:16:35.939
229, -29.08, -25.86, -30.87, -20.59, -19.09, -18.98, -26.80, -23.02, 0.00, 0.00, 0.00, 11:16:35.943
230, -29.28, -25.84, -31.00, -20.61, -18.91, -18.91, -27.09, -23.00, 0.00, 0.00, 0.00, 11:16:35.947
231, -29.21, -25.70, -30.89, -20.50, -18.98, -18.64, -26.80, -23.00, 0.00, 0.00, 0.00, 11:16:35.951
232, -29.03, -25.64, -30.98, -20.74, -19.16, -18.62, -26.87, -22.84, -0.08, -0.03, 0.92, 11:16:35.956
233, -29.15, -25.84, -31.09, -20.63, -19.16, -19.04, -26.89, -22.89, 0.00, 0.00, 0.00, 11:16:35.959
234, -29.35, -25.64, -30.78, -20.41, -19.31, -19.11, -26.64, -22.91, 0.00, 0.00, 0.00, 11:16:35.963
235, -29.03, -25.84, -30.78, -20.36, -19.27, -18.89, -27.00, -23.07, 0.00, 0.00, 0.00, 11:16:35.967
236, -28.86, -25.82, -30.78, -20.23, -19.18, -19.09, -27.02, -23.09, 0.00, 0.00, 0.00, 11:16:35.972
237, -29.19, -25.57, -30.53, -20.38, -19.27, -19.18, -26.96, -22.91, 0.00, 0.00, 0.00, 11:16:35.975
238, -29.26, -25.79, -30.67, -20.54, -19.11, -19.20, -26.91, -22.93, 0.00, 0.00, 0.00, 11:16:35.979
239, -29.15, -25.84, -30.87, -20.72, -19.09, -19.20, -26.80, -23.04, 0.00, 0.00, 0.00, 11:16:35.983
240, -29.15, -25.55, -30.89, -20.54, -19.04, -19.22, -26.64, -22.80, 0.00, 0.00, 0.00, 11:16:35.988
241, -28.99, -25.68, -30.78, -20.47, -19.22, -19.09, -26.71, -22.93, -0.05, -0.04, 0.95, 11:16:35.992
242, -29.03, -25.79, -31.00, -20.56, -19.36, -18.98, -26.84, -23.02, 0.00, 0.00, 0.00, 11:16:35.994
243, -29.21, -25.77, -30.82, -20.27, -19.20, -18.98, -26.76, -23.00, 0.00, 0.00, 0.00, 11:16:35.999
244, -29.17, -25.79, -30.87, -20.12, -19.18, -18.84, -26.98, -23.22, 0.00, 0.00, 0.00, 11:16:36.003
245, -28.86, -25.82, -31.02, -20.27, -19.24, -18.91, -26.80, -23.00, 0.00, 0.00, 0.00, 11:16:36.008
246, -28.74, -25.86, -30.85, -20.25, -19.02, -19.09, -26.64, -23.00, 0.00, 0.00, 0.00, 11:16:36.011
247, -28.99, -25.82, -30.87, -20.47, -19.00, -19.27, -26.62, -23.11, 0.00, 0.00, 0.00, 11:16:36.015
248, -29.33, -25.64, -30.76, -20.63, -19.27, -19.18, -26.69, -23.20, 0.00, 0.00, 0.00, 11:16:36.019
249, -29.15, -25.73, -30.80, -20.47, -19.11, -19.16, -26.96, -23.22, 0.00, 0.00, 0.00, 11:16:36.023
250, -29.21, -25.73, -30.89, -20.25, -19.16, -19.09, -26.87, -23.13, 0.00, 0.00, 0.00, 11:16:36.028
251, -28.95, -25.91, -30.89, -20.36, -19.09, -19.07, -26.87, -23.25, -0.08, 0.00, 0.97, 11:16:36.032
252, -28.88, -25.84, -30.93, -20.45, -19.16, -19.27, -26.55, -23.22, 0.00, 0.00, 0.00, 11:16:36.035
253, -28.99, -25.73, -31.07, -20.54, -19.02, -19.24, -26.87, -23.04, 0.00, 0.00, 0.00, 11:16:36.039
254, -28.86, -25.79, -30.85, -20.43, -19.04, -19.16, -26.82, -22.87, 0.00, 0.00, 0.00, 11:16:36.042
255, -28.97, -25.62, -30.89, -20.50, -19.02, -19.16, -26.82, -22.80, 0.00, 0.00, 0.00, 11:16:36.047
0, -29.15, -25.64, -30.93, -20.43, -18.86, -19.38, -26.91, -23.16, 0.00, 0.00, 0.00, 11:16:36.051
1, -28.99, -25.64, -30.71, -20.59, -19.04, -19.36, -27.25, -23.13, 0.00, 0.00, 0.00, 11:16:36.054
2, -28.86, -25.64, -30.87, -20.65, -18.82, -19.16, -26.84, -23.11, 0.00, 0.00, 0.00, 11:16:36.059
3, -29.24, -25.64, -31.05, -20.90, -18.95, -19.11, -26.73, -23.02, 0.00, 0.00, 0.00, 11:16:36.063
4, -29.30, -25.35, -30.93, -20.70, -19.20, -19.04, -26.87, -22.89, 0.00, 0.00, 0.00, 11:16:36.068
5, -29.06, -25.57, -30.71, -20.59, -19.31, -19.11, -26.87, -22.91, -0.07, 0.00, 0.99, 11:16:36.070
6, -29.19, -25.57, -30.44, -20.52, -19.24, -18.93, -26.67, -22.82, 0.00, 0.00, 0.00, 11:16:36.075
7, -29.37, -25.77, -30.64, -20.54, -19.09, -18.98, -26.64, -22.84, 0.00, 0.00, 0.00, 11:16:36.079
8, -29.10, -25.79, -30.71, -20.59, -19.09, -19.09, -26.53, -22.80, 0.00, 0.00, 0.00, 11:16:36.083
9, -29.10, -25.84, -30.78, -20.61, -19.09, -19.16, -26.62, -22.98, 0.00, 0.00, 0.00, 11:16:36.086
10, -29.24, -25.79, -31.14, -20.72, -19.09, -19.24, -26.67, -23.07, 0.00, 0.00, 0.00, 11:16:36.091
11, -29.19, -25.91, -31.29, -20.52, -19.04, -19.31, -26.84, -23.11, 0.00, 0.00, 0.00, 11:16:36.095
12, -29.21, -25.68, -31.23, -20.54, -19.13, -19.09, -27.07, -23.00, 0.00, 0.00, 0.00, 11:16:36.100
13, -28.97, -25.53, -30.82, -20.50, -19.31, -18.91, -26.87, -23.02, 0.00, 0.00, 0.00, 11:16:36.103
14, -29.10, -25.64, -31.05, -20.54, -19.13, -19.13, -26.69, -23.22, 0.00, 0.00, 0.00, 11:16:36.106
15, -29.17, -25.84, -30.82, -20.47, -18.93, -19.04, -26.93, -23.09, -0.05, 0.06, 0.99, 11:16:36.111
16, -29.08, -25.95, -30.71, -20.38, -19.13, -19.09, -26.73, -22.98, 0.00, 0.00, 0.00, 11:16:36.115
17, -28.99, -25.95, -30.53, -20.47, -19.11, -19.27, -26.76, -22.87, 0.00, 0.00, 0.00, 11:16:36.119
18, -29.15, -25.50, -30.64, -20.65, -19.13, -19.16, -26.80, -22.91, 0.00, 0.00, 0.00, 11:16:36.124
19, -28.99, -25.57, -30.98, -20.72, -19.22, -19.04, -26.84, -22.91, 0.00, 0.00, 0.00, 11:16:36.127
20, -28.92, -25.66, -30.85, -20.61, -19.29, -19.24, -26.84, -22.96, 0.00, 0.00, 0.00, 11:16:36.130
21, -28.92, -25.75, -30.53, -20.45, -19.16, -19.20, -26.87, -22.84, 0.00, 0.00, 0.00, 11:16:36.135
22, -28.92, -25.75, -30.78, -20.54, -18.95, -18.98, -26.69, -22.96, 0.00, 0.00, 0.00, 11:16:36.139
23, -29.06, -25.97, -31.07, -20.61, -18.82, -18.95, -26.78, -23.11, 0.00, 0.00, 0.00, 11:16:36.143
24, -29.24, -26.02, -30.98, -20.65, -19.04, -18.98, -26.82, -23.07, -0.03, 0.06, 0.97, 11:16:36.148
25, -29.24, -25.84, -30.71, -20.36, -19.13, -19.16, -26.73, -23.04, 0.00, 0.00, 0.00, 11:16:36.151
26, -28.88, -25.57, -30.91, -20.61, -19.20, -19.16, -26.84, -23.04, 0.00, 0.00, 0.00, 11:16:36.155
27, -28.92, -25.57, -30.82, -20.54, -19.22, -19.02, -26.89, -22.75, 0.00, 0.00, 0.00, 11:16:36.159
28, -29.21, -25.88, -30.89, -20.59, -19.20, -19.04, -26.93, -22.55, 0.00, 0.00, 0.00, 11:16:36.162
29, -29.30, -25.62, -31.05, -20.61, -19.45, -18.75, -26.84, -22.89, 0.00, 0.00, 0.00, 11:16:36.167
30, -29.10, -25.62, -31.11, -20.27, -19.11, -18.91, -27.14, -23.11, 0.00, 0.00, 0.00, 11:16:36.171
31, -29.10, -25.50, -30.71, -20.38, -19.31, -19.31, -27.07, -22.93, 0.00, 0.00, 0.00, 11:16:36.175
32, -29.08, -25.37, -30.64, -20.54, -19.24, -19.27, -26.69, -23.00, 0.00, 0.00, 0.00, 11:16:36.179
33, -29.15, -25.62, -30.76, -20.41, -19.20, -19.13, -26.62, -23.18, 0.00, 0.00, 0.00, 11:16:36.183
34, -29.03, -25.57, -30.82, -20.54, -19.33, -19.09, -26.67, -22.82, -0.03, 0.09, 0.99, 11:16:36.186
35, -29.08, -25.53, -30.67, -20.38, -19.18, -19.22, -26.73, -22.93, 0.00, 0.00, 0.00, 11:16:36.191
36, -28.99, -25.64, -30.82, -20.65, -19.13, -19.27, -26.84, -22.98, 0.00, 0.00, 0.00, 11:16:36.195
37, -28.99, -25.55, -30.73, -20.50, -19.27, -19.22, -26.73, -22.87, 0.00, 0.00, 0.00, 11:16:36.198
38, -29.19, -25.62, -30.60, -20.47, -19.27, -19.24, -26.76, -22.89, 0.00, 0.00, 0.00, 11:16:36.203
39, -29.21, -25.68, -30.76, -20.54, -19.31, -19.09, -26.91, -23.04, 0.00, 0.00, 0.00, 11:16:36.207
40, -29.26, -25.73, -30.80, -20.68, -19.22, -19.18, -26.91, -23.09, 0.00, 0.00, 0.00, 11:16:36.211
41, -29.15, -25.75, -31.02, -20.50, -19.16, -19.33, -26.87, -22.96, 0.00, 0.00, 0.00, 11:16:36.215
42, -29.15, -25.84, -31.00, -20.54, -19.18, -19.18, -26.84, -23.27, 0.00, 0.00, 0.00, 11:16:36.219
43, -29.01, -25.79, -31.07, -20.52, -19.13, -19.11, -26.84, -22.98, 0.00, 0.00, 0.00, 11:16:36.222
44, -29.21, -25.84, -30.89, -20.43, -19.00, -18.82, -26.87, -22.89, -0.02, 0.12, 0.99, 11:16:36.227
45, -29.06, -25.64, -30.98, -20.72, -18.78, -19.02, -26.87, -22.96, 0.00, 0.00, 0.00, 11:16:36.232
46, -29.21, -25.50, -31.09, -20.52, -19.00, -19.18, -26.87, -22.91, 0.00, 0.00, 0.00, 11:16:36.235
47, -29.41, -25.62, -30.89, -20.61, -19.33, -18.95, -26.73, -23.02, 0.00, 0.00, 0.00, 11:16:36.237
48, -29.37, -25.66, -30.85, -20.56, -19.22, -19.09, -26.78, -23.00, 0.00, 0.00, 0.00, 11:16:36.242
49, -29.30, -25.62, -30.76, -20.50, -19.24, -19.22, -26.82, -22.84, 0.00, 0.00, 0.00, 11:16:36.247
50, -28.95, -25.68, -30.82, -20.45, -18.98, -18.73, -26.98, -22.80, 0.00, 0.00, 0.00, 11:16:36.251
51, -28.86, -25.86, -30.67, -20.50, -19.13, -18.80, -26.91, -22.89, 0.00, 0.00, 0.00, 11:16:36.255
52, -28.99, -25.82, -31.00, -20.38, -19.24, -18.84, -27.02, -22.96, 0.00, 0.00, 0.00, 11:16:36.258
53, -29.21, -25.91, -30.89, -20.43, -19.20, -18.82, -26.93, -22.93, 0.00, 0.00, 0.00, 11:16:36.262
54, -29.08, -25.86, -30.76, -20.70, -18.93, -19.02, -26.98, -22.82, -0.02, 0.14, 1.06, 11:16:36.267
55, -28.99, -25.64, -30.89, -20.70, -19.09, -18.86, -26.93, -22.82, 0.00, 0.00, 0.00, 11:16:36.271
56, -28.92, -25.50, -30.93, -20.52, -19.24, -19.09, -26.69, -23.00, 0.00, 0.00, 0.00, 11:16:36.275
57, -29.03, -25.48, -30.73, -20.41, -19.13, -19.18, -26.80, -23.00, 0.00, 0.00, 0.00, 11:16:36.279
58, -28.86, -25.70, -30.69, -20.14, -19.04, -19.13, -26.73, -22.84, 0.00, 0.00, 0.00, 11:16:36.282
59, -29.08, -25.79, -30.67, -20.27, -19.20, -19.02, -26.84, -22.78, 0.00, 0.00, 0.00, 11:16:36.287
60, -29.33, -25.86, -30.78, -20.21, -19.24, -19.27, -26.58, -22.55, 0.00, 0.00, 0.00, 11:16:36.290
61, -29.37, -25.73, -31.02, -20.18, -19.42, -19.18, -26.98, -22.89, 0.00, 0.00, 0.00, 11:16:36.293
62, -29.01, -25.55, -30.98, -20.25, -19.27, -19.11, -26.96, -22.91, 0.00, 0.00, 0.00, 11:16:36.298
63, -29.08, -25.35, -30.93, -20.41, -19.20, -18.93, -26.98, -23.09, 0.00, 0.00, 0.00, 11:16:36.303
64, -29.03, -25.50, -31.02, -20.41, -18.95, -18.98, -26.80, -23.04, -0.12, 0.13, 1.06, 11:16:36.307
65, -29.15, -25.79, -30.93, -20.50, -18.93, -19.13, -26.58, -22.84, 0.00, 0.00, 0.00, 11:16:36.311
66, -28.99, -25.64, -30.93, -20.72, -18.86, -19.13, -26.82, -23.00, 0.00, 0.00, 0.00, 11:16:36.314
67, -28.74, -25.68, -30.62, -20.59, -18.98, -19.00, -26.82, -22.73, 0.00, 0.00, 0.00, 11:16:36.320
68, -28.86, -25.64, -30.78, -20.47, -19.47, -19.02, -26.78, -22.78, 0.00, 0.00, 0.00, 11:16:36.323
69, -29.10, -25.68, -30.82, -20.43, -19.31, -18.95, -26.89, -23.25, 0.00, 0.00, 0.00, 11:16:36.328
70, -29.10, -25.73, -30.98, -20.65, -19.16, -18.91, -26.80, -23.31, 0.00, 0.00, 0.00, 11:16:36.332
71, -28.86, -25.91, -31.20, -20.54, -19.20, -18.98, -26.44, -22.93, 0.00, 0.00, 0.00, 11:16:36.337
72, -29.03, -25.82, -30.91, -20.70, -19.02, -18.98, -26.69, -22.73, 0.00, 0.00, 0.00, 11:16:36.341
73, -29.41, -25.53, -30.98, -20.65, -19.09, -18.91, -26.91, -23.13, -0.20, 0.02, 0.89, 11:16:36.343
74, -29.33, -25.53, -30.89, -20.74, -19.09, -19.02, -26.96, -22.93, 0.00, 0.00, 0.00, 11:16:36.347
75, -29.01, -25.57, -30.98, -20.59, -18.93, -18.98, -26.76, -22.82, 0.00, 0.00, 0.00, 11:16:36.351
76, -28.92, -25.64, -30.82, -20.47, -18.93, -19.09, -26.76, -22.91, 0.00, 0.00, 0.00, 11:16:36.355
77, -29.12, -25.79, -30.82, -20.70, -18.98, -19.20, -26.84, -23.11, 0.00, 0.00, 0.00, 11:16:36.358
78, -29.10, -25.70, -30.82, -20.61, -18.91, -19.13, -26.62, -23.22, 0.00, 0.00, 0.00, 11:16:36.363
79, -29.21, -25.53, -30.98, -20.52, -19.09, -19.02, -26.64, -22.91, 0.00, 0.00, 0.00, 11:16:36.367
80, -29.01, -25.68, -31.00, -20.30, -19.04, -18.95, -26.69, -22.84, 0.00, 0.00, 0.00, 11:16:36.369
81, -29.24, -25.86, -31.07, -20.54, -19.00, -19.16, -26.84, -22.80, 0.00, 0.00, 0.00, 11:16:36.374
82, -29.19, -25.68, -31.25, -20.34, -19.09, -19.07, -26.76, -22.82, 0.00, 0.00, 0.00, 11:16:36.378
83, -29.03, -25.53, -31.09, -20.47, -19.20, -18.98, -26.62, -23.04, -0.16, -0.12, 0.77, 11:16:36.382
84, -29.19, -25.79, -30.98, -20.41, -19.16, -19.02, -27.05, -23.04, 0.00, 0.00, 0.00, 11:16:36.387
85, -29.21, -25.84, -30.96, -20.52, -19.07, -19.09, -26.89, -23.18, 0.00, 0.00, 0.00, 11:16:36.391
86, -29.03, -25.64, -31.09, -20.59, -19.04, -19.04, -26.80, -23.16, 0.00, 0.00, 0.00, 11:16:36.394
87, -29.03, -25.77, -30.87, -20.61, -19.38, -18.80, -26.91, -23.16, 0.00, 0.00, 0.00, 11:16:36.398
88, -29.19, -25.75, -30.93, -20.36, -19.27, -19.07, -27.02, -23.18, 0.00, 0.00, 0.00, 11:16:36.402
89, -29.17, -25.79, -30.64, -20.41, -19.09, -19.29, -27.02, -23.07, 0.00, 0.00, 0.00, 11:16:36.406
90, -29.15, -25.73, -30.60, -20.52, -19.02, -19.02, -26.73, -23.22, 0.00, 0.00, 0.00, 11:16:36.411
91, -29.03, -25.53, -30.87, -20.34, -19.04, -19.07, -26.73, -23.04, 0.00, 0.00, 0.00, 11:16:36.414
92, -29.28, -25.59, -31.02, -20.23, -19.09, -19.13, -26.89, -23.13, 0.00, 0.00, 0.00, 11:16:36.419
93, -29.37, -25.68, -31.00, -20.47, -19.18, -18.91, -26.87, -23.07, -0.01, -0.26, 0.76, 11:16:36.423
94, -28.99, -25.73, -30.87, -20.56, -19.09, -19.09, -26.96, -22.91, 0.00, 0.00, 0.00, 11:16:36.426
95, -29.10, -25.77, -30.89, -20.52, -19.07, -19.04, -26.91, -22.84, 0.00, 0.00, 0.00, 11:16:36.430
96, -29.35, -25.64, -30.76, -20.56, -19.07, -18.93, -26.55, -23.00, 0.00, 0.00, 0.00, 11:16:36.434
97, -29.12, -25.57, -30.89, -20.41, -19.18, -19.04, -26.51, -23.11, 0.00, 0.00, 0.00, 11:16:36.439
98, -29.19, -25.91, -30.85, -20.65, -19.29, -19.04, -26.87, -22.91, 0.00, 0.00, 0.00, 11:16:36.443
99, -29.19, -26.00, -30.85, -20.59, -19.11, -19.24, -26.98, -23.22, 0.00, 0.00, 0.00, 11:16:36.447
100, -29.30, -25.75, -30.98, -20.50, -19.38, -19.20, -26.84, -23.07, 0.00, 0.00, 0.00, 11:16:36.450
101, -29.30, -25.68, -31.02, -20.54, -19.09, -19.09, -26.73, -23.11, 0.00, 0.00, 0.00, 11:16:36.455
102, -28.97, -25.75, -30.93, -20.45, -19.27, -19.02, -26.91, -23.22, 0.00, 0.00, 0.00, 11:16:36.459
103, -28.77, -25.64, -31.00, -20.45, -19.22, -19.07, -27.02, -23.07, 0.14, -0.19, 0.87, 11:16:36.462
104, -29.10, -25.41, -31.05, -20.54, -19.11, -19.00, -26.69, -22.93, 0.00, 0.00, 0.00, 11:16:36.467
105, -29.10, -25.59, -31.14, -20.59, -19.09, -19.07, -26.84, -22.84, 0.00, 0.00, 0.00, 11:16:36.471
106, -29.21, -25.86, -31.14, -20.61, -18.95, -19.36, -26.91, -22.96, 0.00, 0.00, 0.00, 11:16:36.475
107, -29.24, -25.46, -31.16, -20.63, -18.93, -19.33, -26.91, -22.93, 0.00, 0.00, 0.00, 11:16:36.478
108, -29.06, -25.62, -30.93, -20.27, -18.86, -18.98, -26.80, -22.87, 0.00, 0.00, 0.00, 11:16:36.483
109, -29.15, -25.59, -30.87, -20.25, -19.16, -19.00, -26.82, -22.78, 0.00, 0.00, 0.00, 11:16:36.486
110, -29.15, -25.30, -30.78, -20.38, -19.02, -19.11, -26.80, -22.98, 0.00, 0.00, 0.00, 11:16:36.490
111, -29.30, -25.50, -30.89, -20.54, -19.13, -19.42, -26.84, -22.96, 0.00, 0.00, 0.00, 11:16:36.494
112, -29.24, -25.70, -30.87, -20.61, -19.22, -19.38, -26.80, -22.89, 0.00, 0.00, 0.00, 11:16:36.499
113, -29.19, -25.62, -30.87, -20.32, -19.20, -19.13, -27.09, -22.96, 0.19, -0.19, 0.93, 11:16:36.503
114, -29.19, -25.66, -31.05, -20.36, -19.31, -18.89, -27.14, -23.07, 0.00, 0.00, 0.00, 11:16:36.506
115, -29.15, -25.70, -31.11, -20.43, -18.93, -18.82, -26.91, -23.07, 0.00, 0.00, 0.00, 11:16:36.510
116, -29.03, -25.41, -30.69, -20.21, -19.09, -19.16, -26.98, -22.78, 0.00, 0.00, 0.00, 11:16:36.513
117, -28.99, -25.62, -30.85, -20.34, -19.02, -19.13, -26.96, -22.82, 0.00, 0.00, 0.00, 11:16:36.518
118, -29.12, -25.75, -31.16, -20.36, -18.95, -19.16, -26.82, -23.04, 0.00, 0.00, 0.00, 11:16:36.522
119, -29.53, -25.86, -30.89, -20.52, -19.11, -19.13, -26.84, -23.16, 0.00, 0.00, 0.00, 11:16:36.527
120, -29.44, -25.73, -30.71, -20.63, -19.13, -19.09, -26.89, -22.91, 0.00, 0.00, 0.00, 11:16:36.531
121, -29.33, -25.57, -30.73, -20.41, -19.13, -19.02, -27.07, -23.00, 0.00, 0.00, 0.00, 11:16:36.534
122, -29.15, -25.91, -31.25, -20.36, -19.09, -19.13, -26.96, -22.89, 0.22, -0.19, 0.97, 11:16:36.538
123, -29.24, -25.84, -31.07, -20.56, -19.09, -19.20, -27.00, -22.93, 0.00, 0.00, 0.00, 11:16:36.542
124, -28.99, -25.64, -30.82, -20.21, -19.20, -19.11, -26.84, -23.11, 0.00, 0.00, 0.00, 11:16:36.547
125, -28.97, -25.79, -30.78, -20.47, -19.31, -19.09, -26.84, -22.96, 0.00, 0.00, 0.00, 11:16:36.551
126, -29.19, -25.64, -31.11, -20.50, -19.27, -19.24, -26.80, -22.96, 0.00, 0.00, 0.00, 11:16:36.555
127, -29.10, -25.68, -30.89, -20.56, -19.33, -19.13, -26.76, -23.04, 0.00, 0.00, 0.00, 11:16:36.558
128, -29.03, -25.70, -30.73, -20.54, -19.09, -19.00, -26.91, -23.16, 0.00, 0.00, 0.00, 11:16:36.562
129, -29.10, -25.73, -30.89, -20.54, -18.71, -19.07, -26.87, -23.04, 0.00, 0.00, 0.00, 11:16:36.566
130, -29.03, -25.79, -30.87, -20.41, -18.98, -18.98, -27.11, -23.13, 0.00, 0.00, 0.00, 11:16:36.570
131, -29.30, -25.64, -30.60, -20.32, -19.18, -19.04, -26.96, -23.13, 0.00, 0.00, 0.00, 11:16:36.574
132, -29.33, -25.57, -30.78, -20.50, -19.02, -18.93, -26.82, -23.11, 0.18, -0.19, 0.98, 11:16:36.578
133, -29.21, -25.57, -30.85, -20.47, -19.20, -18.89, -27.00, -23.09, 0.00, 0.00, 0.00, 11:16:36.583
134, -29.30, -25.57, -30.67, -20.59, -19.24, -18.93, -26.80, -23.02, 0.00, 0.00, 0.00, 11:16:36.586
135, -29.21, -25.73, -30.64, -20.63, -18.95, -19.20, -26.96, -23.20, 0.00, 0.00, 0.00, 11:16:36.589
136, -29.01, -25.73, -30.80, -20.30, -19.02, -19.33, -26.80, -23.18, 0.00, 0.00, 0.00, 11:16:36.594
137, -29.17, -25.73, -30.89, -20.34, -18.91, -18.98, -26.82, -22.93, 0.00, 0.00, 0.00, 11:16:36.599
138, -29.17, -25.68, -30.76, -20.38, -19.11, -19.00, -26.69, -22.89, 0.00, 0.00, 0.00, 11:16:36.602
139, -28.99, -25.91, -31.11, -20.59, -19.18, -19.16, -26.51, -22.84, 0.00, 0.00, 0.00, 11:16:36.606
140, -29.28, -25.75, -30.93, -20.54, -19.20, -19.13, -26.80, -22.91, 0.00, 0.00, 0.00, 11:16:36.611
141, -29.37, -25.97, -30.87, -20.41, -19.24, -19.13, -26.84, -22.78, 0.00, 0.00, 0.00, 11:16:36.615
142, -29.19, -25.86, -30.78, -20.36, -19.04, -19.02, -26.73, -22.84, 0.15, -0.11, 1.07, 11:16:36.618
143, -29.21, -25.93, -30.78, -20.54, -19.11, -19.04, -26.78, -23.04, 0.00, 0.00, 0.00, 11:16:36.622
144, -29.10, -25.79, -31.00, -20.70, -19.07, -18.69, -26.89, -23.38, 0.00, 0.00, 0.00, 11:16:36.626
145, -29.10, -25.68, -30.82, -20.38, -19.18, -19.09, -26.91, -23.04, 0.00, 0.00, 0.00, 11:16:36.630
146, -28.97, -25.75, -30.80, -20.38, -19.29, -19.20, -26.91, -22.98, 0.00, 0.00, 0.00, 11:16:36.634
147, -29.15, -25.75, -30.93, -20.63, -19.31, -18.98, -26.67, -23.00, 0.00, 0.00, 0.00, 11:16:36.639
148, -29.03, -25.57, -30.73, -20.38, -18.98, -19.04, -26.69, -22.71, 0.00, 0.00, 0.00, 11:16:36.643
149, -29.12, -25.64, -30.76, -20.59, -18.82, -18.75, -26.69, -22.89, 0.00, 0.00, 0.00, 11:16:36.645
150, -29.10, -25.84, -30.98, -20.43, -19.18, -19.13, -26.73, -22.89, 0.00, 0.00, 0.00, 11:16:36.650
151, -29.21, -25.59, -31.00, -20.25, -19.09, -19.24, -26.76, -22.96, 0.00, 0.00, 0.00, 11:16:36.655
152, -29.03, -25.57, -31.18, -20.30, -19.11, -19.11, -26.93, -22.80, 0.08, -0.10, 1.03, 11:16:36.658
153, -29.17, -25.75, -30.96, -20.36, -19.31, -19.31, -27.02, -22.84, 0.00, 0.00, 0.00, 11:16:36.662
154, -29.08, -25.62, -30.80, -20.47, -19.13, -19.20, -27.05, -22.87, 0.00, 0.00, 0.00, 11:16:36.666
155, -29.10, -25.55, -30.78, -20.36, -19.04, -18.91, -26.78, -22.98, 0.00, 0.00, 0.00, 11:16:36.669
156, -29.21, -25.68, -30.76, -20.47, -19.18, -18.98, -26.84, -22.82, 0.00, 0.00, 0.00, 11:16:36.673
157, -29.15, -25.68, -30.93, -20.41, -19.16, -18.98, -26.91, -22.93, 0.00, 0.00, 0.00, 11:16:36.678
158, -29.08, -25.66, -30.82, -20.45, -19.16, -19.09, -26.89, -22.93, 0.00, 0.00, 0.00, 11:16:36.683
159, -29.12, -25.84, -30.82, -20.52, -19.22, -19.09, -26.60, -22.89, 0.00, 0.00, 0.00, 11:16:36.686
160, -29.06, -25.75, -31.18, -20.59, -19.16, -18.82, -26.53, -23.18, 0.00, 0.00, 0.00, 11:16:36.690
161, -28.97, -25.28, -31.02, -20.50, -19.13, -19.07, -26.53, -23.22, 0.00, 0.00, 0.00, 11:16:36.694
162, -29.01, -25.66, -30.82, -20.65, -19.13, -19.38, -26.42, -23.18, 0.04, -0.20, 0.99, 11:16:36.699
163, -29.03, -25.59, -30.87, -20.61, -19.33, -19.02, -26.84, -22.93, 0.00, 0.00, 0.00, 11:16:36.703
164, -29.03, -25.46, -30.93, -20.47, -19.29, -19.16, -26.87, -23.00, 0.00, 0.00, 0.00, 11:16:36.706
165, -29.15, -25.68, -30.96, -20.61, -19.13, -19.16, -27.09, -23.18, 0.00, 0.00, 0.00, 11:16:36.710
166, -29.15, -25.70, -30.76, -20.72, -18.98, -19.04, -27.09, -22.93, 0.00, 0.00, 0.00, 11:16:36.714
167, -28.99, -25.64, -30.76, -20.94, -19.33, -19.16, -27.02, -23.02, 0.00, 0.00, 0.00, 11:16:36.718
168, -29.15, -25.68, -31.16, -20.63, -19.20, -19.00, -26.96, -23.00, 0.00, 0.00, 0.00, 11:16:36.723
169, -28.97, -25.68, -31.07, -20.43, -19.13, -19.09, -26.87, -23.00, 0.00, 0.00, 0.00, 11:16:36.726
170, -29.33, -25.86, -31.05, -20.38, -19.36, -19.07, -26.91, -22.96, 0.00, 0.00, 0.00, 11:16:36.730
171, -29.19, -25.97, -31.00, -20.32, -19.42, -19.04, -26.87, -23.27, 0.01, -0.19, 1.04, 11:16:36.735
172, -29.12, -25.91, -31.05, -20.52, -19.33, -19.07, -26.84, -22.89, 0.00, 0.00, 0.00, 11:16:36.739
173, -29.10, -25.66, -30.96, -20.38, -19.13, -19.27, -26.87, -22.82, 0.00, 0.00, 0.00, 11:16:36.741
174, -29.33, -25.66, -30.85, -20.68, -19.09, -18.98, -26.80, -23.00, 0.00, 0.00, 0.00, 11:16:36.745
175, -29.37, -25.70, -30.93, -20.50, -19.07, -18.98, -26.87, -22.78, 0.00, 0.00, 0.00, 11:16:36.750
176, -29.15, -25.62, -31.14, -20.41, -19.16, -19.00, -26.93, -23.00, 0.00, 0.00, 0.00, 11:16:36.754
177, -29.15, -25.50, -30.82, -20.52, -19.42, -18.89, -27.02, -23.04, 0.00, 0.00, 0.00, 11:16:36.759
178, -29.26, -25.75, -30.71, -20.59, -19.33, -19.04, -27.09, -23.02, 0.00, 0.00, 0.00, 11:16:36.761
179, -29.26, -25.77, -30.78, -20.43, -19.13, -19.07, -26.91, -22.96, 0.00, 0.00, 0.00, 11:16:36.765
180, -29.15, -25.66, -30.73, -20.14, -19.07, -19.16, -26.93, -23.04, 0.00, 0.00, 0.00, 11:16:36.769
181, -29.12, -25.53, -30.71, -20.27, -19.09, -19.24, -26.87, -23.16, 0.03, -0.17, 1.04, 11:16:36.774
182, -28.90, -25.68, -30.78, -20.25, -19.07, -19.11, -27.11, -22.96, 0.00, 0.00, 0.00, 11:16:36.779
183, -28.97, -25.79, -30.87, -20.05, -19.13, -19.16, -27.07, -22.96, 0.00, 0.00, 0.00, 11:16:36.782
184, -29.06, -25.75, -31.00, -20.25, -19.27, -19.09, -26.84, -22.96, 0.00, 0.00, 0.00, 11:16:36.786
185, -29.06, -25.53, -30.96, -20.36, -19.22, -18.82, -26.91, -23.09, 0.00, 0.00, 0.00, 11:16:36.790
186, -28.90, -25.68, -30.89, -20.54, -19.22, -18.93, -26.84, -23.11, 0.00, 0.00, 0.00, 11:16:36.794
187, -28.81, -25.82, -30.85, -20.52, -19.07, -19.33, -26.64, -22.93, 0.00, 0.00, 0.00, 11:16:36.797
188, -29.15, -25.73, -30.93, -20.65, -19.00, -19.16, -26.76, -23.16, 0.00, 0.00, 0.00, 11:16:36.802
189, -29.10, -25.70, -30.87, -20.54, -19.16, -19.07, -26.78, -23.16, 0.00, 0.00, 0.00, 11:16:36.806
190, -29.03, -25.48, -30.87, -20.56, -19.36, -19.09, -26.80, -23.11, 0.00, 0.00, 0.00, 11:16:36.811
191, -29.24, -25.57, -31.02, -20.65, -19.27, -19.18, -26.76, -23.07, 0.08, -0.24, 1.04, 11:16:36.815
192, -29.21, -25.86, -31.02, -20.63, -19.33, -19.22, -26.80, -22.89, 0.00, 0.00, 0.00, 11:16:36.817
193, -29.08, -25.57, -30.93, -20.45, -19.31, -19.07, -26.76, -22.78, 0.00, 0.00, 0.00, 11:16:36.822
194, -29.01, -25.75, -30.82, -20.43, -18.89, -18.86, -26.69, -23.11, 0.00, 0.00, 0.00, 11:16:36.827
195, -29.06, -25.86, -30.98, -20.54, -19.02, -18.91, -26.91, -23.07, 0.00, 0.00, 0.00, 11:16:36.830
196, -29.06, -25.50, -30.98, -20.52, -19.22, -18.98, -26.71, -23.07, 0.00, 0.00, 0.00, 11:16:36.834
197, -29.08, -25.64, -30.89, -20.25, -19.27, -18.80, -26.67, -23.00, 0.00, 0.00, 0.00, 11:16:36.838
198, -29.06, -25.68, -30.89, -20.18, -19.16, -18.80, -26.49, -23.04, 0.00, 0.00, 0.00, 11:16:36.842
199, -29.33, -25.70, -30.87, -20.27, -18.98, -19.07, -26.78, -22.93, 0.00, 0.00, 0.00, 11:16:36.846
200, -29.19, -25.82, -30.73, -20.41, -19.20, -19.00, -26.98, -22.78, 0.00, 0.00, 0.00, 11:16:36.849
201, -29.15, -25.70, -30.69, -20.45, -19.38, -18.80, -26.91, -23.13, -0.01, -0.28, 1.04, 11:16:36.853
202, -29.10, -25.64, -30.78, -20.34, -19.20, -18.91, -26.64, -23.07, 0.00, 0.00, 0.00, 11:16:36.857
203, -29.12, -25.66, -30.93, -20.41, -19.04, -19.09, -26.64, -22.82, 0.00, 0.00, 0.00, 11:16:36.862
204, -29.12, -25.64, -30.89, -20.43, -19.29, -19.18, -26.78, -22.73, 0.00, 0.00, 0.00, 11:16:36.867
205, -29.15, -25.62, -30.64, -20.54, -19.20, -19.13, -26.84, -22.87, 0.00, 0.00, 0.00, 11:16:36.869
206, -29.30, -25.73, -30.51, -20.45, -19.09, -19.16, -26.84, -23.27, 0.00, 0.00, 0.00, 11:16:36.874
207, -29.33, -25.84, -30.60, -20.59, -19.09, -19.16, -26.76, -23.18, 0.00, 0.00, 0.00, 11:16:36.878
208, -29.19, -25.68, -30.80, -20.30, -18.86, -18.93, -26.80, -22.96, 0.00, 0.00, 0.00, 11:16:36.882
209, -29.35, -25.64, -30.98, -20.41, -18.91, -18.86, -26.84, -23.11, 0.00, 0.00, 0.00, 11:16:36.885
210, -29.12, -25.68, -30.87, -20.47, -19.13, -18.95, -26.87, -23.25, -0.09, -0.31, 1.02, 11:16:36.889
211, -29.06, -25.75, -30.78, -20.41, -19.11, -19.13, -26.98, -23.11, 0.00, 0.00, 0.00, 11:16:36.895
212, -29.06, -25.68, -30.78, -20.56, -19.20, -18.91, -26.93, -22.96, 0.00, 0.00, 0.00, 11:16:36.897
213, -29.41, -25.59, -30.85, -20.41, -19.20, -19.00, -26.93, -22.84, 0.00, 0.00, 0.00, 11:16:36.901
214, -29.08, -25.66, -30.89, -20.50, -18.98, -19.13, -26.82, -22.84, 0.00, 0.00, 0.00, 11:16:36.907
215, -29.12, -25.79, -31.00, -20.56, -19.07, -19.04, -26.93, -22.98, 0.00, 0.00, 0.00, 11:16:36.912
216, -29.17, -26.06, -30.71, -20.47, -19.00, -18.93, -26.96, -22.96, 0.00, 0.00, 0.00, 11:16:36.914
217, -29.24, -26.20, -30.82, -20.45, -19.07, -19.18, -26.76, -23.02, 0.00, 0.00, 0.00, 11:16:36.918
218, -29.26, -25.84, -31.11, -20.36, -19.16, -18.93, -26.91, -22.84, 0.00, 0.00, 0.00, 11:16:36.922
219, -29.19, -25.48, -30.93, -20.45, -19.02, -19.20, -26.89, -22.82, 0.00, 0.00, 0.00, 11:16:36.925
220, -29.21, -25.48, -30.96, -20.65, -19.04, -19.09, -26.89, -23.11, -0.03, -0.31, 0.95, 11:16:36.930
221, -29.08, -25.46, -31.09, -20.43, -19.16, -19.04, -26.87, -23.13, 0.00, 0.00, 0.00, 11:16:36.933
222, -29.24, -25.50, -31.23, -20.38, -19.02, -19.07, -26.69, -22.93, 0.00, 0.00, 0.00, 11:16:36.937
223, -29.19, -25.64, -31.00, -20.45, -19.24, -19.02, -26.69, -22.96, 0.00, 0.00, 0.00, 11:16:36.941
224, -29.12, -25.73, -30.93, -20.54, -19.20, -19.20, -27.00, -22.96, 0.00, 0.00, 0.00, 11:16:36.946
225, -29.12, -25.73, -31.00, -20.54, -19.29, -19.27, -27.11, -22.75, 0.00, 0.00, 0.00, 11:16:36.950
226, -29.21, -25.84, -30.91, -20.54, -19.38, -18.95, -26.91, -22.84, 0.00, 0.00, 0.00, 11:16:36.952
227, -29.06, -25.97, -30.98, -20.59, -19.16, -18.91, -27.09, -22.87, 0.00, 0.00, 0.00, 11:16:36.960
228, -28.99, -25.70, -30.98, -20.70, -19.27, -19.00, -26.98, -22.78, 0.00, 0.00, 0.00, 11:16:36.961
229, -29.15, -25.68, -30.87, -20.52, -19.33, -19.02, -27.05, -22.66, 0.00, 0.00, 0.00, 11:16:36.965
230, -29.03, -25.77, -30.98, -20.34, -19.27, -19.07, -26.73, -22.98, -0.02, -0.30, 0.92, 11:16:36.970
231, -29.26, -25.91, -30.98, -20.50, -19.24, -19.22, -26.73, -23.04, 0.00, 0.00, 0.00, 11:16:36.974
232, -29.44, -25.55, -31.00, -20.70, -19.02, -19.54, -26.80, -22.98, 0.00, 0.00, 0.00, 11:16:36.977
233, -29.37, -25.64, -30.96, -20.45, -18.86, -19.16, -26.84, -23.22, 0.00, 0.00, 0.00, 11:16:36.981
234, -29.28, -25.73, -30.87, -20.38, -18.93, -19.13, -26.76, -23.25, 0.00, 0.00, 0.00, 11:16:36.986
235, -28.99, -25.68, -31.00, -20.43, -19.00, -19.13, -27.02, -22.96, 0.00, 0.00, 0.00, 11:16:36.990
236, -29.03, -25.82, -30.98, -20.47, -19.16, -19.04, -26.84, -23.07, 0.00, 0.00, 0.00, 11:16:36.994
237, -28.97, -25.75, -30.89, -20.45, -18.98, -19.13, -26.62, -23.22, 0.00, 0.00, 0.00, 11:16:36.998
238, -28.86, -25.57, -30.82, -20.59, -19.09, -18.95, -26.80, -23.04, 0.00, 0.00, 0.00, 11:16:37.004
239, -28.97, -25.70, -30.89, -20.65, -19.16, -18.98, -27.05, -22.93, 0.00, 0.00, 0.00, 11:16:37.006
240, -28.99, -25.93, -30.87, -20.38, -19.16, -19.24, -26.96, -23.20, -0.06, -0.23, 0.98, 11:16:37.011
241, -29.24, -26.08, -30.80, -20.68, -19.18, -19.07, -26.82, -23.07, 0.00, 0.00, 0.00, 11:16:37.013
242, -29.21, -25.86, -30.60, -20.54, -19.09, -19.00, -26.87, -23.00, 0.00, 0.00, 0.00, 11:16:37.018
243, -29.12, -25.75, -30.76, -20.38, -19.18, -19.16, -26.93, -23.04, 0.00, 0.00, 0.00, 11:16:37.022
244, -28.99, -25.86, -31.00, -20.50, -19.31, -19.16, -26.78, -23.11, 0.00, 0.00, 0.00, 11:16:37.025
245, -29.01, -25.86, -30.73, -20.36, -19.24, -19.29, -26.76, -23.04, 0.00, 0.00, 0.00, 11:16:37.030
246, -29.08, -25.62, -30.93, -20.34, -19.24, -19.16, -26.98, -22.96, 0.00, 0.00, 0.00, 11:16:37.034
247, -29.17, -25.75, -30.93, -20.56, -19.18, -19.02, -26.84, -23.02, 0.00, 0.00, 0.00, 11:16:37.036
248, -29.33, -25.79, -30.71, -20.50, -19.20, -19.04, -26.82, -23.11, 0.00, 0.00, 0.00, 11:16:37.040
249, -29.24, -25.79, -30.76, -20.59, -19.04, -19.11, -26.93, -22.98, 0.00, 0.00, 0.00, 11:16:37.045
250, -29.15, -25.84, -30.80, -20.70, -19.09, -19.22, -26.89, -23.00, -0.06, -0.25, 0.98, 11:16:37.049
251, -29.19, -25.59, -31.09, -20.65, -18.86, -19.31, -26.82, -22.93, 0.00, 0.00, 0.00, 11:16:37.054
252, -28.99, -25.77, -31.05, -20.70, -19.09, -19.24, -26.98, -23.00, 0.00, 0.00, 0.00, 11:16:37.058
253, -29.01, -25.75, -30.87, -20.61, -19.24, -19.09, -26.80, -22.84, 0.00, 0.00, 0.00, 11:16:37.061
254, -29.08, -25.59, -30.96, -20.68, -19.24, -19.09, -26.80, -22.96, 0.00, 0.00, 0.00, 11:16:37.066
255, -29.03, -25.57, -30.82, -20.52, -19.09, -19.13, -26.78, -23.18, 0.00, 0.00, 0.00, 11:16:37.070
0, -29.10, -25.79, -30.98, -20.59, -19.02, -19.11, -26.82, -22.84, 0.00, 0.00, 0.00, 11:16:37.074
1, -28.77, -25.86, -30.93, -20.54, -19.02, -19.04, -26.91, -23.16, 0.00, 0.00, 0.00, 11:16:37.078
2, -28.97, -25.86, -31.14, -20.50, -18.80, -18.98, -26.71, -23.25, 0.00, 0.00, 0.00, 11:16:37.081
3, -29.06, -25.64, -31.09, -20.61, -19.02, -19.04, -26.73, -22.75, -0.05, -0.25, 0.98, 11:16:37.086
4, -28.83, -25.62, -30.87, -20.72, -19.02, -19.13, -26.76, -22.66, 0.00, 0.00, 0.00, 11:16:37.089
5, -28.97, -25.97, -30.96, -20.79, -18.91, -19.24, -26.82, -22.75, 0.00, 0.00, 0.00, 11:16:37.092
6, -29.06, -25.68, -30.98, -20.76, -18.98, -19.27, -26.80, -22.89, 0.00, 0.00, 0.00, 11:16:37.097
7, -29.03, -25.53, -30.89, -20.61, -18.95, -19.20, -26.71, -23.00, 0.00, 0.00, 0.00, 11:16:37.102
8, -29.10, -25.62, -30.82, -20.32, -18.86, -19.07, -26.89, -22.78, 0.00, 0.00, 0.00, 11:16:37.107
9, -29.03, -25.75, -31.09, -20.50, -19.07, -18.95, -26.98, -22.78, 0.00, 0.00, 0.00, 11:16:37.111
10, -28.99, -25.77, -30.93, -20.36, -19.04, -18.98, -27.00, -22.82, 0.00, 0.00, 0.00, 11:16:37.113
11, -29.17, -25.59, -30.89, -20.52, -19.20, -18.86, -26.80, -22.87, 0.00, 0.00, 0.00, 11:16:37.117
12, -29.24, -25.46, -31.34, -20.47, -19.16, -18.98, -26.98, -22.91, 0.00, 0.00, 0.00, 11:16:37.121
13, -29.26, -25.86, -31.25, -20.65, -19.02, -19.02, -26.87, -23.07, -0.04, -0.27, 0.94, 11:16:37.124
14, -29.03, -25.79, -31.09, -20.59, -19.02, -19.13, -26.82, -23.18, 0.00, 0.00, 0.00, 11:16:37.129
15, -29.10, -25.77, -30.89, -20.61, -19.18, -19.27, -26.76, -23.11, 0.00, 0.00, 0.00, 11:16:37.134
16, -29.41, -25.64, -30.80, -20.88, -19.09, -19.20, -26.93, -23.00, 0.00, 0.00, 0.00, 11:16:37.138
17, -29.10, -25.68, -31.11, -20.85, -19.31, -19.04, -26.78, -23.00, 0.00, 0.00, 0.00, 11:16:37.140
18, -29.01, -25.66, -31.07, -20.70, -19.40, -18.89, -27.02, -23.07, 0.00, 0.00, 0.00, 11:16:37.144
19, -29.15, -25.97, -31.05, -20.50, -19.22, -19.16, -26.98, -23.09, 0.00, 0.00, 0.00, 11:16:37.149
20, -29.19, -25.70, -31.00, -20.72, -19.18, -19.09, -26.78, -23.00, 0.00, 0.00, 0.00, 11:16:37.153
21, -29.15, -25.75, -31.05, -20.92, -19.02, -19.02, -26.64, -22.93, 0.00, 0.00, 0.00, 11:16:37.158
22, -28.88, -25.57, -30.98, -20.65, -19.16, -19.07, -26.84, -23.04, 0.00, 0.00, 0.00, 11:16:37.162
23, -29.21, -25.44, -30.80, -20.54, -19.02, -19.31, -26.82, -23.31, -0.03, -0.27, 0.96, 11:16:37.167
24, -29.21, -25.64, -30.87, -20.50, -19.04, -19.04, -26.84, -23.20, 0.00, 0.00, 0.00, 11:16:37.170
25, -28.92, -25.77, -30.93, -20.70, -19.11, -19.07, -26.84, -22.96, 0.00, 0.00, 0.00, 11:16:37.174
26, -29.35, -25.57, -31.02, -20.47, -18.84, -19.22, -27.11, -23.11, 0.00, 0.00, 0.00, 11:16:37.176
27, -29.26, -25.84, -31.05, -20.47, -19.02, -19.29, -26.89, -23.07, 0.00, 0.00, 0.00, 11:16:37.181
28, -29.28, -25.86, -30.98, -20.36, -19.42, -19.04, -26.53, -23.02, 0.00, 0.00, 0.00, 11:16:37.185
29, -29.10, -25.79, -31.05, -20.65, -19.27, -19.11, -26.78, -22.91, 0.00, 0.00, 0.00, 11:16:37.190
30, -28.99, -25.75, -30.93, -20.74, -18.95, -19.27, -26.98, -22.89, 0.00, 0.00, 0.00, 11:16:37.192
31, -29.01, -25.73, -30.64, -20.54, -19.09, -18.98, -26.93, -22.75, 0.00, 0.00, 0.00, 11:16:37.197
32, -29.03, -25.75, -30.93, -20.43, -19.24, -19.09, -26.80, -22.89, 0.00, 0.00, 0.00, 11:16:37.202
33, -29.06, -25.73, -30.93, -20.36, -19.16, -19.09, -26.58, -22.96, -0.05, -0.29, 0.97, 11:16:37.205
34, -28.99, -25.66, -30.71, -20.34, -19.02, -19.13, -26.67, -22.89, 0.00, 0.00, 0.00, 11:16:37.209
35, -29.19, -25.77, -30.64, -20.21, -19.27, -19.20, -26.87, -22.64, 0.00, 0.00, 0.00, 11:16:37.213
36, -29.30, -25.64, -30.67, -20.23, -19.13, -18.95, -26.93, -22.84, 0.00, 0.00, 0.00, 11:16:37.218
37, -29.39, -25.57, -30.76, -20.45, -19.13, -18.98, -26.96, -23.27, 0.00, 0.00, 0.00, 11:16:37.221
38, -29.33, -25.46, -30.89, -20.34, -19.18, -19.16, -26.87, -23.13, 0.00, 0.00, 0.00, 11:16:37.224
39, -29.15, -25.39, -30.87, -20.38, -18.86, -19.11, -26.80, -23.07, 0.00, 0.00, 0.00, 11:16:37.229
40, -29.08, -25.57, -30.80, -20.38, -18.95, -19.07, -26.96, -22.91, 0.00, 0.00, 0.00, 11:16:37.233
41, -29.17, -26.08, -30.89, -20.34, -19.11, -18.95, -26.69, -22.91, 0.00, 0.00, 0.00, 11:16:37.237
42, -29.39, -25.95, -30.87, -20.50, -18.93, -19.24, -26.98, -23.00, 0.00, 0.00, 0.00, 11:16:37.243
43, -29.26, -25.84, -31.02, -20.38, -19.02, -19.09, -26.98, -23.07, -0.06, -0.30, 0.97, 11:16:37.246
44, -29.08, -25.70, -31.02, -20.52, -18.93, -19.13, -26.76, -22.93, 0.00, 0.00, 0.00, 11:16:37.251
45, -28.99, -25.68, -31.00, -20.65, -19.09, -18.98, -26.84, -22.80, 0.00, 0.00, 0.00, 11:16:37.255
46, -29.21, -25.79, -30.98, -20.47, -18.91, -18.89, -26.98, -23.04, 0.00, 0.00, 0.00, 11:16:37.258
47, -29.26, -25.66, -30.93, -20.59, -19.24, -18.93, -26.82, -23.29, 0.00, 0.00, 0.00, 11:16:37.261
48, -29.17, -25.53, -30.89, -20.36, -19.31, -19.02, -26.60, -23.11, 0.00, 0.00, 0.00, 11:16:37.265
49, -29.21, -25.70, -31.00, -20.18, -19.27, -19.04, -26.80, -23.16, 0.00, 0.00, 0.00, 11:16:37.269
50, -29.30, -25.50, -30.67, -20.43, -19.04, -19.16, -26.89, -23.13, 0.00, 0.00, 0.00, 11:16:37.274
51, -29.28, -25.59, -30.71, -20.61, -19.18, -19.20, -26.76, -22.98, 0.00, 0.00, 0.00, 11:16:37.278
52, -28.92, -25.84, -30.98, -20.72, -19.24, -19.04, -26.80, -22.96, -0.05, -0.32, 0.97, 11:16:37.282
53, -28.97, -25.68, -30.67, -20.54, -19.29, -19.04, -26.80, -22.96, 0.00, 0.00, 0.00, 11:16:37.285
54, -29.06, -25.86, -30.64, -20.18, -19.07, -19.29, -26.93, -23.04, 0.00, 0.00, 0.00, 11:16:37.289
55, -28.99, -25.95, -30.89, -20.32, -19.20, -19.36, -26.89, -22.87, 0.00, 0.00, 0.00, 11:16:37.293
56, -29.08, -25.77, -30.98, -20.47, -19.16, -19.11, -26.78, -23.00, 0.00, 0.00, 0.00, 11:16:37.297
57, -29.21, -25.62, -30.76, -20.43, -19.27, -19.16, -26.49, -22.98, 0.00, 0.00, 0.00, 11:16:37.302
58, -29.17, -25.66, -30.82, -20.50, -19.22, -19.20, -26.58, -22.78, 0.00, 0.00, 0.00, 11:16:37.304
59, -29.19, -25.50, -30.80, -20.61, -19.20, -19.36, -26.87, -22.66, 0.00, 0.00, 0.00, 11:16:37.309
60, -29.26, -25.41, -30.91, -20.72, -19.18, -19.16, -26.73, -22.66, 0.00, 0.00, 0.00, 11:16:37.313
61, -29.15, -25.59, -30.89, -20.61, -19.02, -18.84, -26.58, -22.93, 0.00, 0.00, 0.00, 11:16:37.317
62, -28.81, -25.97, -30.87, -20.72, -18.98, -19.02, -26.62, -23.13, -0.04, -0.33, 0.95, 11:16:37.327
63, -28.86, -25.84, -30.76, -20.61, -18.93, -19.20, -26.6